2632 39.809496 116.321031
3224 39.809545 116.301259
6961 39.809681 116.30061
9499 39.809953 116.303115
10684 39.80976 116.303247
14999 39.80949 116.30153
20040 39.809995 116.30262
26633 39.801731 116.302988
28144 39.809506 116.301842
34549 39.806811 116.302875
44651 39.809618 116.300471
46388 39.80214 116.302724
47494 39.809204 116.323637
48066 39.80307 116.314053
601 39.80308 116.382879
744 39.800593 116.355753
1010 39.803907 116.383949
1623 39.800113 116.380827
1790 39.802024 116.336394
2655 39.803204 116.384267
2705 39.80456 116.377595
4176 39.804745 116.374635
4486 39.803106 116.383406
4487 39.804496 116.377353
4911 39.803835 116.380189
6090 39.803925 116.394516
6278 39.801116 116.377327
6406 39.806613 116.374308
7010 39.803945 116.377585
7123 39.804777 116.377698
7162 39.806904 116.394452
7314 39.803096 116.383022
7947 39.808371 116.335123
8123 39.801872 116.382478
8124 39.803049 116.395017
8236 39.803808 116.394555
8912 39.807655 116.394267
9703 39.804879 116.374412
9868 39.802149 116.335685
9875 39.804014 116.391805
10760 39.801671 116.34747
10917 39.801403 116.382307
11972 39.80505 116.374815
12675 39.804019 116.376977
13823 39.800172 116.380981
13844 39.800611 116.38132
14452 39.805753 116.375444
14740 39.808379 116.33558
14761 39.803233 116.351476
15110 39.804226 116.351625
15829 39.804855 116.377188
15857 39.806352 116.375366
15983 39.803231 116.383356
15984 39.803231 116.383356
16040 39.808136 116.335104
16239 39.803453 116.383758
16410 39.808733 116.37221
16754 39.800649 116.377623
17144 39.808288 116.335117
17345 39.805028 116.385058
17535 39.804991 116.369931
17656 39.806613 116.374308
17759 39.800665 116.381387
17833 39.800059 116.330804
18050 39.804555 116.370023
18203 39.805789 116.38676
18570 39.803809 116.394555
18677 39.80667 116.387761
18715 39.800307 116.38105
19113 39.804235 116.394786
19520 39.803975 116.395197
20181 39.802425 116.395046
20189 39.800052 116.380469
20515 39.8018 116.38185
20672 39.806535 116.394725
20838 39.80802 116.394891
21206 39.808541 116.37109
21369 39.801923 116.339295
21424 39.80299 116.377533
21558 39.802669 116.382799
21601 39.808208 116.342129
22012 39.805349 116.376196
22190 39.806677 116.390215
24011 39.806405 116.374775
24196 39.804064 116.379076
24273 39.805904 116.375741
24408 39.800198 116.380911
24741 39.806573 116.389779
25306 39.80304 116.382791
25898 39.808482 116.335132
26233 39.808236 116.335112
26827 39.803925 116.379986
27085 39.805933 116.351287
27261 39.80577 116.375424
27584 39.80645 116.39492
27738 39.803044 116.393766
28064 39.805002 116.352853
28210 39.804738 116.354694
28622 39.806614 116.391299
28760 39.805848 116.386498
29165 39.805969 116.375679
29217 39.804674 116.37722
29509 39.805032 116.377115
29568 39.805852 116.375326
29976 39.80477 116.374416
30252 39.801968 116.336869
30390 39.808073 116.37205
30415 39.803445 116.386377
31173 39.80604 116.37559
31516 39.805911 116.375751
31551 39.800534 116.355791
31560 39.805056 116.370233
31855 39.803172 116.384367
31993 39.800962 116.377329
32106 39.804839 116.374761
32221 39.803755 116.352069
32298 39.804784 116.369957
32971 39.803611 116.383932
32985 39.80094 116.377565
33078 39.807264 116.334774
33619 39.805605 116.394096
34649 39.801375 116.381984
35327 39.804777 116.377697
36755 39.804275 116.376983
36817 39.803753 116.380329
37789 39.803419 116.386559
37856 39.80426 116.378561
38462 39.803592 116.345013
38658 39.804304 116.347455
38943 39.804669 116.369989
39084 39.804631 116.377225
39090 39.804643 116.352653
39497 39.803397 116.38372
40014 39.801898 116.377533
40157 39.803564 116.352521
40335 39.800756 116.377558
40643 39.805798 116.386348
40671 39.801451 116.37727
41282 39.803444 116.351543
42078 39.805429 116.375513
42979 39.805288 116.376585
43232 39.801158 116.340569
44969 39.801952 116.342239
45402 39.803658 116.345256
45771 39.803831 116.377585
46021 39.806773 116.371953
46033 39.800823 116.355332
46965 39.805162 116.376843
47104 39.806958 116.352511
47139 39.802096 116.334073
47612 39.801623 116.347783
47746 39.804868 116.394938
48467 39.804806 116.374824
49434 39.805149 116.376729
51264 39.801981 116.341731
51321 39.804661 116.385181
51631 39.801234 116.382014
51665 39.805907 116.375666
51673 39.803231 116.394816
4940 39.803026 116.397534
8318 39.802465 116.395347
24769 39.803081 116.399848
46468 39.806517 116.397809
48669 39.806462 116.397808
